Gradient_DESCENT:

[0.43041 0.36297 0.34485 0.3257  0.31115 0.29956 0.28927 0.28055 0.27316]	LEANING_RATE=1e-3

[0.40717 0.34952 0.32455 0.30714 0.29196 0.27915 0.2684  0.258   0.2477		LEANING_RATE=2e-3
 0.23711 0.22643 0.21446 0.20256 0.1913  0.17877 0.17622 0.17227 0.16007
 0.15095 0.13857 0.14583 0.12357 0.11135 0.09726 0.1356  0.08583 0.11512
 0.11388 0.08222 0.06969]

[0.39946 0.34661 0.32373 0.30574 0.28903 0.27697 0.26642 0.25467 0.24381	LEANING_RATE=3e-3
 0.23184 0.218   0.20772 0.19454 0.19107 0.1903  0.18009 0.15639 0.18704
 0.17089 0.1658  0.14274 0.13072 0.11591 0.13389 0.13311 0.10167 0.11576
 0.09201 0.08213 0.07033 0.07716 0.09446 0.08034 0.07624 0.08107 0.075
 0.05972 0.05388 0.07049 0.05587]

[0.39686 0.33219 0.29984 0.28575 0.25999 0.24432 0.22516 0.21135 0.19214	AdadeltaOptimizer
 0.17892 0.16263 0.15464 0.1437  0.12595 0.13341 0.12105 0.11803 0.10265
 0.10078 0.09277 0.08452 0.09442 0.07639 0.08587 0.07928 0.07713 0.07269
 0.07137 0.07437 0.06412 0.05663 0.05796 0.0706  0.05205 0.05988 0.0616
 0.04959 0.06305 0.0449  0.05079 0.05332 0.05559 0.04114 0.05503 0.03674
 0.05074 0.04644 0.04211 0.0403  0.05134 0.04644 0.03408 0.04361 0.03829
 0.03786 0.03344 0.03141 0.04812 0.02397 0.04208 0.04166 0.01831 0.02193
 0.04019 0.03688 0.01687 0.03743 0.02275 0.02322 0.03161 0.03157 0.01585
 0.05627 0.01567 0.0324  0.01771 0.04523 0.04668 0.02465 0.01449 0.01432
 0.03232 0.01653 0.02571 0.0248  0.01604 0.0267  0.02112 0.01344 0.04402
 0.01332 0.01954 0.01719 0.02267 0.07189 0.03182 0.01843 0.02688 0.01804
 0.00626]